0 0.3762275533108866 0.10768175582990397 0.4007786195286195 0.10768175582990397 0.4007786195286195 0.14353410649706944 0.3762275533108866 0.14353410649706944
0 0.43234427609427606 0.2386207756578127 0.47793911335578 0.2386207756578127 0.47793911335578 0.3118842748472378 0.43234427609427606 0.3118842748472378
0 0.5036592779648336 0.18873924429479982 0.5515923120089787 0.18873924429479982 0.5515923120089787 0.2448559670781893 0.5036592779648336 0.2448559670781893
0 0.4697554246165357 0.1450929043521636 0.5118429667040777 0.1450929043521636 0.5118429667040777 0.17938645716423493 0.4697554246165357 0.17938645716423493
0 0.6685021511410401 0.3945005611672278 0.7000678077066965 0.3945005611672278 0.7000678077066965 0.4334705075445816 0.6685021511410401 0.4334705075445816
0 0.7246188739244294 0.406970944007981 0.7585227272727273 0.406970944007981 0.7585227272727273 0.44905848609552307 0.7246188739244294 0.44905848609552307
0 0.7211115787504676 0.5457039531113604 0.7667064160119714 0.5457039531113604 0.7667064160119714 0.5940266866192792 0.7211115787504676 0.5940266866192792
0 0.6474583800972689 0.4911460281830652 0.6790240366629255 0.4911460281830652 0.6790240366629255 0.5394687616909839 0.6474583800972689 0.5394687616909839
0 0.6006944444444444 0.46464646464646464 0.6381055929667041 0.46464646464646464 0.6381055929667041 0.5160867938645717 0.6006944444444444 0.5160867938645717
0 0.6392746913580247 0.5394687616909839 0.6685021511410401 0.5394687616909839 0.6685021511410401 0.5831151016336201 0.6392746913580247 0.5831151016336201
0 0.6369364945753834 0.6314378351415388 0.6825313318368873 0.6314378351415388 0.6825313318368873 0.6688489836637985 0.6369364945753834 0.6688489836637985
0 0.21723017209128317 0.572203516647961 0.256979517396184 0.572203516647961 0.256979517396184 0.614291058735503 0.21723017209128317 0.614291058735503
