0 0.33530910961466515 0.3227958598328969 0.3925949307893752 0.3227958598328969 0.3925949307893752 0.3726773911959097 0.33530910961466515 0.3726773911959097
0 0.498982884399551 0.4334705075445816 0.5375631313131313 0.4334705075445816 0.5375631313131313 0.45841127322608805 0.498982884399551 0.45841127322608805
0 0.5165193602693603 0.1996508292804589 0.5363940329218106 0.1996508292804589 0.5363940329218106 0.2620027434842249 0.5165193602693603 0.2620027434842249
0 0.411300505050505 0.10924055368499812 0.44754255518144404 0.10924055368499812 0.44754255518144404 0.14821050006235192 0.411300505050505 0.14821050006235192
0 0.4744318181818182 0.8278463648834019 0.5153502618780397 0.8278463648834019 0.5153502618780397 0.8668163112607556 0.4744318181818182 0.8668163112607556
0 0.4814464085297418 0.7608180571143534 0.5317176393565283 0.7608180571143534 0.5317176393565283 0.8091407906222721 0.4814464085297418 0.8091407906222721
0 0.34466189674523 0.5410275595460781 0.3809039468761691 0.5410275595460781 0.3809039468761691 0.612732260880409 0.34466189674523 0.612732260880409
0 0.3341400112233445 0.6111734630253148 0.3785657500935279 0.6111734630253148 0.3785657500935279 0.6610549943883277 0.3341400112233445 0.6610549943883277
0 0.2090464833520389 0.41008853971816933 0.23009025439580993 0.41008853971816933 0.23009025439580993 0.4724404539219354 0.2090464833520389 0.4724404539219354
0 0.16228254769921435 0.6252026437211622 0.19501730265619155 0.6252026437211622 0.19501730265619155 0.6719665793739867 0.16228254769921435 0.6719665793739867
