0 0.3049125514403292 0.10300536226462151 0.3423236999625888 0.10300536226462151 0.3423236999625888 0.14821050006235192 0.3049125514403292 0.14821050006235192
0 0.44637345679012347 0.10144656440952736 0.5059974747474747 0.10144656440952736 0.5059974747474747 0.13729891507669284 0.44637345679012347 0.13729891507669284
0 0.4674172278338945 0.13729891507669284 0.520026655443322 0.13729891507669284 0.520026655443322 0.18250405287442323 0.4674172278338945 0.18250405287442323
0 0.5001519827908716 0.4973812196034418 0.550423213617658 0.4973812196034418 0.550423213617658 0.572203516647961 0.5001519827908716 0.572203516647961
0 0.4907991956603067 0.5862326973438083 0.5363940329218106 0.5862326973438083 0.5363940329218106 0.6189674523007856 0.4907991956603067 0.6189674523007856
0 0.43702066965955855 0.6252026437211622 0.48027731013842123 0.6252026437211622 0.48027731013842123 0.6782017707943633 0.43702066965955855 0.6782017707943633
0 0.3668747661803218 0.7218481107369996 0.411300505050505 0.7218481107369996 0.411300505050505 0.777964833520389 0.3668747661803218 0.777964833520389
0 0.34115460157126826 0.623643845866068 0.3937640291806958 0.623643845866068 0.3937640291806958 0.6782017707943633 0.34115460157126826 0.6782017707943633
0 0.33998550317994763 0.29161990273101385 0.3890876356154134 0.29161990273101385 0.3890876356154134 0.32591345554308515 0.33998550317994763 0.32591345554308515
0 0.35752197904975686 0.31032547699214363 0.3972713243546577 0.31032547699214363 0.3972713243546577 0.3508542212245916 0.35752197904975686 0.3508542212245916
0 0.302574354657688 0.33370744481855596 0.3376473063973064 0.33370744481855596 0.3376473063973064 0.3913829654570395 0.302574354657688 0.3913829654570395
0 0.20787738496071828 0.37579498690609797 0.235935746352413 0.37579498690609797 0.235935746352413 0.4350293053996757 0.20787738496071828 0.4350293053996757
0 0.16228254769921435 0.3820301783264746 0.19501730265619155 0.3820301783264746 0.19501730265619155 0.4365881032547699 0.16228254769921435 0.4365881032547699
0 0.1926791058735503 0.20588602070083553 0.23009025439580993 0.20588602070083553 0.23009025439580993 0.2604439456291308 0.1926791058735503 0.2604439456291308
0 0.6883768237934904 0.5082928045891009 0.7316334642723531 0.5082928045891009 0.7316334642723531 0.5566155380970196 0.6883768237934904 0.5566155380970196
0 0.7409862514029181 0.3882653697468512 0.7690446127946129 0.3882653697468512 0.7690446127946129 0.4459408903853348 0.7409862514029181 0.4459408903853348
0 0.5936798540965207 0.798229205636613 0.632260101010101 0.798229205636613 0.632260101010101 0.8403167477241551 0.5936798540965207 0.8403167477241551
0 0.44520435839880285 0.7639356528245417 0.4697554246165357 0.7639356528245417 0.4697554246165357 0.8091407906222721 0.44520435839880285 0.8091407906222721
0 0.23944304152637486 0.7483476742736002 0.2698395997007108 0.7483476742736002 0.2698395997007108 0.798229205636613 0.23944304152637486 0.798229205636613
0 0.23125935278713056 0.5690859209377728 0.2850378787878788 0.5690859209377728 0.2850378787878788 0.632996632996633 0.23125935278713056 0.632996632996633
0 0.4533880471380471 0.4054121461528869 0.49664468761690983 0.4054121461528869 0.49664468761690983 0.4724404539219354 0.4533880471380471 0.4724404539219354
0 0.4159768986157875 0.23238558423743608 0.46040263748597077 0.23238558423743608 0.46040263748597077 0.324354657687991 0.4159768986157875 0.324354657687991
0 0.4066241114852226 0.12482853223593962 0.44754255518144404 0.12482853223593962 0.44754255518144404 0.19185684000498815 0.4066241114852226 0.19185684000498815
0 0.37739665170220726 0.15444569148272852 0.42649878413767306 0.15444569148272852 0.42649878413767306 0.2090036164110238 0.37739665170220726 0.2090036164110238
