0 0.4767700149644594 0.3087666791370495 0.5375631313131313 0.3087666791370495 0.5375631313131313 0.36488340192043894 0.4767700149644594 0.36488340192043894
0 0.43468247287691736 0.2355031799476244 0.5024901795735129 0.2355031799476244 0.5024901795735129 0.31032547699214363 0.43468247287691736 0.31032547699214363
0 0.7515081369248037 0.3524130190796857 0.7971029741863075 0.3524130190796857 0.7971029741863075 0.40852974186307517 0.7515081369248037 0.40852974186307517
0 0.719942480359147 0.38047138047138046 0.7585227272727273 0.38047138047138046 0.7585227272727273 0.43191170968948744 0.719942480359147 0.43191170968948744
0 0.816977646838758 0.2775907220351665 0.8590651889263 0.2775907220351665 0.8590651889263 0.3461778276593091 0.816977646838758 0.3461778276593091
0 0.7900883838383839 0.4568524753709939 0.8216540404040403 0.4568524753709939 0.8216540404040403 0.5238807831400423 0.7900883838383839 0.5238807831400423
0 0.4697554246165357 0.5067340067340067 0.5317176393565283 0.5067340067340067 0.5317176393565283 0.581556303778526 0.4697554246165357 0.581556303778526
0 0.40896230826786384 0.0749470008729268 0.44754255518144404 0.0749470008729268 0.44754255518144404 0.12482853223593962 0.40896230826786384 0.12482853223593962
0 0.8181467452300785 0.4381469011098641 0.8543887953610175 0.4381469011098641 0.8543887953610175 0.49426362389325346 0.8181467452300785 0.49426362389325346
0 0.6544729704451926 0.478675645342312 0.7035751028806584 0.478675645342312 0.7035751028806584 0.5581743359521137 0.6544729704451926 0.5581743359521137
0 0.5773124766180321 0.5534979423868313 0.6369364945753834 0.5534979423868313 0.6369364945753834 0.6189674523007856 0.5773124766180321 0.6189674523007856
0 0.5317176393565283 0.4334705075445816 0.574974279835391 0.4334705075445816 0.574974279835391 0.50049881531363 0.5317176393565283 0.50049881531363
0 0.7596918256640478 0.18250405287442323 0.8064557613168724 0.18250405287442323 0.8064557613168724 0.22303279710687118 0.7596918256640478 0.22303279710687118
