0 0.4042859147025813 0.14821050006235192 0.45455714552936777 0.14821050006235192 0.45455714552936777 0.1965332335702706 0.4042859147025813 0.1965332335702706
0 0.5165193602693603 0.16847487217857587 0.5691287878787878 0.16847487217857587 0.5691287878787878 0.22926798852724778 0.5165193602693603 0.22926798852724778
0 0.4872919004863449 0.3134430727023319 0.5469159184436961 0.3134430727023319 0.5469159184436961 0.3695597954857214 0.4872919004863449 0.3695597954857214
0 0.462740834268612 0.241738371368001 0.5118429667040777 0.241738371368001 0.5118429667040777 0.3087666791370495 0.462740834268612 0.3087666791370495
0 0.5001519827908716 0.5129691981543832 0.5457468200523756 0.5129691981543832 0.5457468200523756 0.5768799102132436 0.5001519827908716 0.5768799102132436
0 0.6556420688365132 0.5971442823294675 0.704744201271979 0.5971442823294675 0.704744201271979 0.6626137922434218 0.6556420688365132 0.6626137922434218
0 0.6661639543583987 0.4833520389075945 0.7234497755331089 0.4833520389075945 0.7234497755331089 0.5628507295173961 0.6661639543583987 0.5628507295173961
0 0.7889192854470632 0.4521760818057114 0.8345141227085672 0.4521760818057114 0.8345141227085672 0.5285571767053249 0.7889192854470632 0.5285571767053249
0 0.8602342873176205 0.5114104002992892 0.8824471567527122 0.5114104002992892 0.8824471567527122 0.5971442823294675 0.8602342873176205 0.5971442823294675
0 0.33647820800598577 0.4958224217483477 0.3809039468761691 0.4958224217483477 0.3809039468761691 0.5581743359521137 0.33647820800598577 0.5581743359521137
0 0.30841984661429106 0.15444569148272852 0.3376473063973064 0.15444569148272852 0.3376473063973064 0.1996508292804589 0.30841984661429106 0.1996508292804589
