0 0.4276678825289936 0.21056241426611796 0.462740834268612 0.21056241426611796 0.462740834268612 0.26512033919441325 0.4276678825289936 0.26512033919441325
0 0.3890876356154134 0.48802843247287686 0.44754255518144404 0.48802843247287686 0.44754255518144404 0.5550567402419254 0.3890876356154134 0.5550567402419254
0 0.544577721661055 0.6080558673151265 0.5866652637485971 0.6080558673151265 0.5866652637485971 0.6579373986781394 0.544577721661055 0.6579373986781394
0 0.6790240366629255 0.3181194662676144 0.7246188739244294 0.3181194662676144 0.7246188739244294 0.3726773911959097 0.6790240366629255 0.3726773911959097
0 0.2335975495697718 0.3882653697468512 0.29205246913580246 0.3882653697468512 0.29205246913580246 0.42567651826911085 0.2335975495697718 0.42567651826911085
0 0.2686705013093902 0.29317870058610795 0.3095889450056116 0.29317870058610795 0.3095889450056116 0.3508542212245916 0.2686705013093902 0.3508542212245916
0 0.17864992517770292 0.22770919067215362 0.21956836887392442 0.22770919067215362 0.21956836887392442 0.272914328469884 0.17864992517770292 0.272914328469884
0 0.3060816498316498 0.16379847861329344 0.34583099513655063 0.16379847861329344 0.34583099513655063 0.21368000997630626 0.3060816498316498 0.21368000997630626
0 0.13656238309016086 0.3633246040653448 0.17046623643845868 0.3633246040653448 0.17046623643845868 0.41320613542835766 0.13656238309016086 0.41320613542835766
0 0.617061821922933 0.5145279960094775 0.6544729704451926 0.5145279960094775 0.6544729704451926 0.5737623145030551 0.617061821922933 0.5737623145030551
