0 0.38324214365881026 0.4054121461528869 0.43468247287691736 0.4054121461528869 0.43468247287691736 0.478675645342312 0.38324214365881026 0.478675645342312
0 0.37155115974560415 0.2479735627883776 0.4358515712682379 0.2479735627883776 0.4358515712682379 0.3134430727023319 0.37155115974560415 0.3134430727023319
0 0.3306327160493827 0.1934156378600823 0.3703820613542836 0.1934156378600823 0.3703820613542836 0.2386207756578127 0.3306327160493827 0.2386207756578127
0 0.2452885334829779 0.12326973438084549 0.27568509165731386 0.12326973438084549 0.27568509165731386 0.16379847861329344 0.2452885334829779 0.16379847861329344
0 0.3914258323980546 0.10612295797480982 0.4124696034418256 0.10612295797480982 0.4124696034418256 0.15756328719291682 0.3914258323980546 0.15756328719291682
0 0.41480780022446684 0.09832896869933906 0.441697063224841 0.09832896869933906 0.441697063224841 0.1326225215114104 0.41480780022446684 0.1326225215114104
0 0.42416058735503176 0.15444569148272852 0.4732627197904976 0.15444569148272852 0.4732627197904976 0.21368000997630626 0.42416058735503176 0.21368000997630626
0 0.4557262439206884 0.22147399925177702 0.4978137860082304 0.22147399925177702 0.4978137860082304 0.27135553061478984 0.4557262439206884 0.27135553061478984
0 0.26750140291806956 0.3461778276593091 0.31192714178825287 0.3461778276593091 0.31192714178825287 0.4022945504426986 0.26750140291806956 0.4022945504426986
0 0.33998550317994763 0.5129691981543832 0.37739665170220726 0.5129691981543832 0.37739665170220726 0.5784387080683377 0.33998550317994763 0.5784387080683377
0 0.2885451739618406 0.5924678887641851 0.3224490273101384 0.5924678887641851 0.3224490273101384 0.6844369622147399 0.2885451739618406 0.6844369622147399
0 0.44520435839880285 0.7047013343309638 0.5013210811821922 0.7047013343309638 0.5013210811821922 0.7826412270856714 0.44520435839880285 0.7826412270856714
0 0.3937640291806958 0.7483476742736002 0.42532968574635244 0.7483476742736002 0.42532968574635244 0.8075819927671779 0.3937640291806958 0.8075819927671779
0 0.36219837261503923 0.6953485472003991 0.4101314066591844 0.6953485472003991 0.4101314066591844 0.7561416635490709 0.36219837261503923 0.7561416635490709
0 0.30725074822297044 0.7608180571143534 0.34349279835390945 0.7608180571143534 0.34349279835390945 0.798229205636613 0.30725074822297044 0.798229205636613
0 0.2686705013093902 0.7561416635490709 0.3049125514403292 0.7561416635490709 0.3049125514403292 0.7919940142162364 0.2686705013093902 0.7919940142162364
0 0.2347666479610924 0.8013468013468014 0.26399410774410775 0.8013468013468014 0.26399410774410775 0.8449931412894375 0.2347666479610924 0.8449931412894375
0 0.2090464833520389 0.7514652699837885 0.2534722222222222 0.7514652699837885 0.2534722222222222 0.7966704077815189 0.2090464833520389 0.7966704077815189
0 0.21606107369996258 0.5425863574011722 0.24411943509165732 0.5425863574011722 0.24411943509165732 0.6111734630253148 0.21606107369996258 0.6111734630253148
0 0.19852459783015336 0.5846738994887143 0.22073746726524504 0.5846738994887143 0.22073746726524504 0.6407906222721038 0.19852459783015336 0.6407906222721038
0 0.45689534231200896 0.8200523756079311 0.5001519827908716 0.8200523756079311 0.5001519827908716 0.880845491956603 0.45689534231200896 0.880845491956603
0 0.42649878413767306 0.8060231949120837 0.4639099326599327 0.8060231949120837 0.4639099326599327 0.8496695348547201 0.42649878413767306 0.8496695348547201
0 0.40311681631126073 0.8543459284200025 0.45221894874672647 0.8543459284200025 0.45221894874672647 0.9042274597830153 0.40311681631126073 0.9042274597830153
