0 0.39493312757201643 0.241738371368001 0.43818976805087917 0.241738371368001 0.43818976805087917 0.2822671156004489 0.39493312757201643 0.2822671156004489
0 0.43117517770295544 0.1419753086419753 0.4615717358772914 0.1419753086419753 0.4615717358772914 0.19029804214989401 0.43117517770295544 0.19029804214989401
0 0.4136387018331462 0.3617658062102506 0.4533880471380471 0.3617658062102506 0.4533880471380471 0.406970944007981 0.4136387018331462 0.406970944007981
0 0.33180181444070334 0.34306023194912083 0.3785657500935279 0.34306023194912083 0.3785657500935279 0.4038533482977927 0.33180181444070334 0.4038533482977927
0 0.3177726337448559 0.2900611048759197 0.35284558548447437 0.2900611048759197 0.35284558548447437 0.33682504052874424 0.3177726337448559 0.33682504052874424
0 0.3376473063973064 0.31032547699214363 0.3738893565282454 0.31032547699214363 0.3738893565282454 0.3508542212245916 0.3376473063973064 0.3508542212245916
0 0.3095889450056116 0.42411772041401674 0.3341400112233445 0.42411772041401674 0.3341400112233445 0.4802344431974061 0.3095889450056116 0.4802344431974061
0 0.35401468387579493 0.7187305150268113 0.40896230826786384 0.7187305150268113 0.40896230826786384 0.8029055992018954 0.35401468387579493 0.8029055992018954
0 0.3212799289188178 0.7483476742736002 0.35752197904975686 0.7483476742736002 0.35752197904975686 0.8106995884773662 0.3212799289188178 0.8106995884773662
0 0.777228301533857 0.7421124828532235 0.8251613355780021 0.7421124828532235 0.8251613355780021 0.8200523756079311 0.777228301533857 0.8200523756079311
