0 0.40545501309390203 0.27603192418007233 0.45104985035540585 0.27603192418007233 0.45104985035540585 0.33994263623893256 0.40545501309390203 0.33994263623893256
0 0.36921296296296297 0.19497443571517645 0.41480780022446684 0.19497443571517645 0.41480780022446684 0.24329716922309513 0.36921296296296297 0.24329716922309513
0 0.35401468387579493 0.14821050006235192 0.3984404227459783 0.14821050006235192 0.3984404227459783 0.19809203142536475 0.35401468387579493 0.19809203142536475
0 0.3376473063973064 0.4022945504426986 0.4042859147025813 0.4022945504426986 0.4042859147025813 0.4630876667913705 0.3376473063973064 0.4630876667913705
0 0.27217779648335205 0.37735378476119213 0.302574354657688 0.37735378476119213 0.302574354657688 0.4225589225589225 0.27217779648335205 0.4225589225589225
0 0.3376473063973064 0.7577004614041651 0.3879185372240928 0.7577004614041651 0.3879185372240928 0.8075819927671779 0.3376473063973064 0.8075819927671779
0 0.3762275533108866 0.7405536849981293 0.4077932098765432 0.7405536849981293 0.4077932098765432 0.7997880034917072 0.3762275533108866 0.7997880034917072
0 0.3060816498316498 0.7015837386207756 0.3563528806584362 0.7015837386207756 0.3563528806584362 0.7499064721286943 0.3060816498316498 0.7499064721286943
0 0.29672886270108495 0.612732260880409 0.3423236999625888 0.612732260880409 0.3423236999625888 0.6517022072577627 0.29672886270108495 0.6517022072577627
0 0.23242845117845115 0.5145279960094775 0.27217779648335205 0.5145279960094775 0.27217779648335205 0.5706447187928669 0.23242845117845115 0.5706447187928669
0 0.2347666479610924 0.34306023194912083 0.25581041900486345 0.34306023194912083 0.25581041900486345 0.396059359022322 0.2347666479610924 0.396059359022322
0 0.2464576318742985 0.2900611048759197 0.27217779648335205 0.2900611048759197 0.27217779648335205 0.3477366255144033 0.2464576318742985 0.3477366255144033
0 0.21606107369996258 0.5784387080683377 0.24879582865693978 0.5784387080683377 0.24879582865693978 0.6189674523007856 0.21606107369996258 0.6189674523007856
0 0.2710086980920314 0.6361142287068212 0.2932215675271231 0.6361142287068212 0.2932215675271231 0.6953485472003991 0.2710086980920314 0.6953485472003991
0 0.5013210811821922 0.48179324105250027 0.5457468200523756 0.48179324105250027 0.5457468200523756 0.5238807831400423 0.5013210811821922 0.5238807831400423
0 0.514181163486719 0.4397056989649582 0.5574378039655817 0.4397056989649582 0.5574378039655817 0.50049881531363 0.514181163486719 0.50049881531363
0 0.7094205948372615 0.4303529118343933 0.7363098578376356 0.4303529118343933 0.7363098578376356 0.4849108367626886 0.7094205948372615 0.4849108367626886
0 0.7339716610549943 0.4958224217483477 0.7725519079685746 0.4958224217483477 0.7725519079685746 0.5379099638358897 0.7339716610549943 0.5379099638358897
0 0.7398171530115975 0.45373487966080556 0.7667064160119714 0.45373487966080556 0.7667064160119714 0.4958224217483477 0.7398171530115975 0.4958224217483477
0 0.6907150205761317 0.8746103005362265 0.7328025626636737 0.8746103005362265 0.7328025626636737 0.9244918318992392 0.6907150205761317 0.9244918318992392
0 0.6708403479236812 0.8075819927671779 0.7129278900112233 0.8075819927671779 0.7129278900112233 0.8777278962464148 0.6708403479236812 0.8777278962464148
0 0.7538463337074448 0.8356403541588727 0.7900883838383839 0.8356403541588727 0.7900883838383839 0.8824042898116972 0.7538463337074448 0.8824042898116972
0 0.8181467452300785 0.5955854844743733 0.8543887953610175 0.5955854844743733 0.8543887953610175 0.6283202394313505 0.8181467452300785 0.6283202394313505
0 0.7947647774036662 0.509851602444195 0.8356832210998877 0.509851602444195 0.8356832210998877 0.5799975059234318 0.7947647774036662 0.5799975059234318
0 0.750339038533483 0.5971442823294675 0.7900883838383839 0.5971442823294675 0.7900883838383839 0.6688489836637985 0.750339038533483 0.6688489836637985
0 0.7269570707070707 0.5472627509664546 0.750339038533483 0.5472627509664546 0.750339038533483 0.5971442823294675 0.7269570707070707 0.5971442823294675
0 0.42416058735503176 0.5799975059234318 0.4580644407033296 0.5799975059234318 0.4580644407033296 0.6407906222721038 0.42416058735503176 0.6407906222721038
0 0.45455714552936777 0.5207631874298541 0.4954755892255892 0.5207631874298541 0.4954755892255892 0.5799975059234318 0.45455714552936777 0.5799975059234318
0 0.5609450991395436 0.5550567402419254 0.6006944444444444 0.5550567402419254 0.6006944444444444 0.6064970694600325 0.5609450991395436 0.6064970694600325
0 0.514181163486719 0.32591345554308515 0.5702978862701085 0.32591345554308515 0.5702978862701085 0.37891258261628635 0.514181163486719 0.37891258261628635
