0 0.42416058735503176 0.23706197780271854 0.4732627197904976 0.23706197780271854 0.4732627197904976 0.3009726898615787 0.42416058735503176 0.3009726898615787
0 0.498982884399551 0.19185684000498815 0.5492541152263374 0.19185684000498815 0.5492541152263374 0.23082678638234191 0.498982884399551 0.23082678638234191
0 0.5399013280957725 0.10612295797480982 0.5913416573138796 0.10612295797480982 0.5913416573138796 0.13729891507669284 0.5399013280957725 0.13729891507669284
0 0.6649948559670781 0.3820301783264746 0.7012369060980171 0.3820301783264746 0.7012369060980171 0.44126449682005237 0.6649948559670781 0.44126449682005237
0 0.6451201833146277 0.4911460281830652 0.6790240366629255 0.4911460281830652 0.6790240366629255 0.5363511659807956 0.6451201833146277 0.5363511659807956
0 0.7281261690983913 0.5425863574011722 0.7655373176206508 0.5425863574011722 0.7655373176206508 0.5971442823294675 0.7281261690983913 0.5971442823294675
0 0.7035751028806584 0.12794612794612792 0.7316334642723531 0.12794612794612792 0.7316334642723531 0.16847487217857587 0.7035751028806584 0.16847487217857587
0 0.7222806771417882 0.41476493328345176 0.7608609240553684 0.41476493328345176 0.7608609240553684 0.4428232946751465 0.7222806771417882 0.4428232946751465
0 0.6194000187055743 0.8029055992018954 0.6427819865319865 0.8029055992018954 0.6427819865319865 0.8387579498690609 0.6194000187055743 0.8387579498690609
0 0.6334291994014216 0.6345554308517272 0.6661639543583987 0.6345554308517272 0.6661639543583987 0.6859957600698341 0.6334291994014216 0.6859957600698341
0 0.5118429667040777 0.47711684748721783 0.5621141975308642 0.47711684748721783 0.5621141975308642 0.530115974560419 0.5118429667040777 0.530115974560419
0 0.20437008978675647 0.5425863574011722 0.25931771417882526 0.5425863574011722 0.25931771417882526 0.6049382716049383 0.20437008978675647 0.6049382716049383
0 0.2020318930041152 0.42411772041401674 0.2347666479610924 0.42411772041401674 0.2347666479610924 0.5051752088789125 0.2020318930041152 0.5051752088789125
0 0.3972713243546577 0.8403167477241551 0.44403526000748217 0.8403167477241551 0.44403526000748217 0.8605811198403791 0.3972713243546577 0.8605811198403791
0 0.3937640291806958 0.8013468013468014 0.43702066965955855 0.8013468013468014 0.43702066965955855 0.8418755455792493 0.3937640291806958 0.8418755455792493
0 0.6135545267489712 0.768612046389824 0.6474583800972689 0.768612046389824 0.6474583800972689 0.8060231949120837 0.6135545267489712 0.8060231949120837
