0 0.48027731013842123 0.3820301783264746 0.5176884586606808 0.3820301783264746 0.5176884586606808 0.4428232946751465 0.48027731013842123 0.4428232946751465
0 0.44637345679012347 0.3477366255144033 0.4896300972689861 0.3477366255144033 0.4896300972689861 0.3929417633121337 0.44637345679012347 0.3929417633121337
0 0.6965605125327348 0.24329716922309513 0.7409862514029181 0.24329716922309513 0.7409862514029181 0.3072078812819553 0.6965605125327348 0.3072078812819553
0 0.7374789562289562 0.3882653697468512 0.7573536288814067 0.3882653697468512 0.7573536288814067 0.4365881032547699 0.7374789562289562 0.4365881032547699
0 0.7222806771417882 0.5488215488215488 0.7655373176206508 0.5488215488215488 0.7655373176206508 0.5955854844743733 0.7222806771417882 0.5955854844743733
0 0.6801931350542462 0.5893502930539968 0.7211115787504676 0.5893502930539968 0.7211115787504676 0.6610549943883277 0.6801931350542462 0.6610549943883277
0 0.6439510849233071 0.561291931662302 0.6825313318368873 0.561291931662302 0.6825313318368873 0.5940266866192792 0.6439510849233071 0.5940266866192792
0 0.49430649083426864 0.5160867938645717 0.5340558361391695 0.5160867938645717 0.5340558361391695 0.5659683252275844 0.49430649083426864 0.5659683252275844
0 0.462740834268612 0.50049881531363 0.4978137860082304 0.50049881531363 0.4978137860082304 0.550380346676643 0.462740834268612 0.550380346676643
0 0.37739665170220726 0.561291931662302 0.41480780022446684 0.561291931662302 0.41480780022446684 0.6064970694600325 0.37739665170220726 0.6064970694600325
0 0.4335133744855966 0.7608180571143534 0.4709245230078563 0.7608180571143534 0.4709245230078563 0.8060231949120837 0.4335133744855966 0.8060231949120837
0 0.49664468761690983 0.8371991520139668 0.5293794425738869 0.8371991520139668 0.5293794425738869 0.8683751091158498 0.49664468761690983 0.8683751091158498
0 0.5784815750093527 0.8013468013468014 0.617061821922933 0.8013468013468014 0.617061821922933 0.8356403541588727 0.5784815750093527 0.8356403541588727
0 0.6264146090534979 0.6407906222721038 0.6649948559670781 0.6407906222721038 0.6649948559670781 0.6891133557800224 0.6264146090534979 0.6891133557800224
0 0.5925107557052002 0.6875545579249283 0.6275837074448185 0.6875545579249283 0.6275837074448185 0.726524504302282 0.5925107557052002 0.726524504302282
0 0.3890876356154134 0.406970944007981 0.43117517770295544 0.406970944007981 0.43117517770295544 0.4568524753709939 0.3890876356154134 0.4568524753709939
0 0.3376473063973064 0.6298790372864447 0.3867494388327722 0.6298790372864447 0.3867494388327722 0.6782017707943633 0.3376473063973064 0.6782017707943633
0 0.30023615787504676 0.5566155380970196 0.3341400112233445 0.5566155380970196 0.3341400112233445 0.6064970694600325 0.30023615787504676 0.6064970694600325
0 0.5609450991395436 0.15288689362763436 0.5971871492704826 0.15288689362763436 0.5971871492704826 0.1996508292804589 0.5609450991395436 0.1996508292804589
0 0.7035751028806584 0.14353410649706944 0.7339716610549943 0.14353410649706944 0.7339716610549943 0.17471006359895247 0.7035751028806584 0.17471006359895247
0 0.6801931350542462 0.5176455917196657 0.7164351851851852 0.5176455917196657 0.7164351851851852 0.5566155380970196 0.6801931350542462 0.5566155380970196
0 0.3306327160493827 0.3851477740366629 0.3668747661803218 0.3851477740366629 0.3668747661803218 0.4350293053996757 0.3306327160493827 0.4350293053996757
0 0.199693696221474 0.37891258261628635 0.22307566404788623 0.37891258261628635 0.22307566404788623 0.44126449682005237 0.199693696221474 0.44126449682005237
0 0.1915100074822297 0.20744481855592967 0.21956836887392442 0.20744481855592967 0.21956836887392442 0.24017957351290684 0.1915100074822297 0.24017957351290684
0 0.2464576318742985 0.19809203142536475 0.27685419004863443 0.19809203142536475 0.27685419004863443 0.2355031799476244 0.2464576318742985 0.2355031799476244
0 0.4101314066591844 0.13729891507669284 0.44286616161616155 0.13729891507669284 0.44286616161616155 0.1809452550193291 0.4101314066591844 0.1809452550193291
0 0.514181163486719 0.16847487217857587 0.5597760007482229 0.16847487217857587 0.5597760007482229 0.21056241426611796 0.514181163486719 0.21056241426611796
0 0.6345982977927422 0.09832896869933906 0.6614875607931163 0.09832896869933906 0.6614875607931163 0.1450929043521636 0.6345982977927422 0.1450929043521636
0 0.6135545267489712 0.10612295797480982 0.6416128881406659 0.10612295797480982 0.6416128881406659 0.1357401172215987 0.6135545267489712 0.1357401172215987
0 0.45104985035540585 0.10924055368499812 0.4907991956603067 0.10924055368499812 0.4907991956603067 0.138857712931787 0.45104985035540585 0.138857712931787
0 0.3247872240927796 0.10456416011971567 0.3563528806584362 0.10456416011971567 0.3563528806584362 0.13729891507669284 0.3247872240927796 0.13729891507669284
0 0.3014052562663674 0.09832896869933906 0.32829451926674147 0.09832896869933906 0.32829451926674147 0.1419753086419753 0.3014052562663674 0.1419753086419753
0 0.26282500935278713 0.09365257513405661 0.2978979610924055 0.09365257513405661 0.2978979610924055 0.14665170220725776 0.26282500935278713 0.14665170220725776
0 0.2651632061354283 0.2822671156004489 0.31660353535353536 0.2822671156004489 0.31660353535353536 0.32591345554308515 0.2651632061354283 0.32591345554308515
0 0.24762673026561913 0.2479735627883776 0.27919238683127573 0.2479735627883776 0.27919238683127573 0.2791495198902606 0.24762673026561913 0.2791495198902606
0 0.3668747661803218 0.46932285821174713 0.4077932098765432 0.46932285821174713 0.4077932098765432 0.5410275595460781 0.3668747661803218 0.5410275595460781
0 0.5527614104002992 0.3586482105000623 0.6065399364010474 0.3586482105000623 0.6065399364010474 0.4506172839506173 0.5527614104002992 0.4506172839506173
0 0.6112163299663299 0.22615039281705948 0.6497965768799102 0.22615039281705948 0.6497965768799102 0.29941389200648455 0.6112163299663299 0.29941389200648455
0 0.6591493640104751 0.25888514777403665 0.6837004302282079 0.25888514777403665 0.6837004302282079 0.3134430727023319 0.6591493640104751 0.3134430727023319
0 0.5574378039655817 0.5924678887641851 0.607709034792368 0.5924678887641851 0.607709034792368 0.6392318244170095 0.5574378039655817 0.6392318244170095
0 0.26633230452674894 0.4443820925302407 0.30841984661429106 0.4443820925302407 0.30841984661429106 0.50049881531363 0.26633230452674894 0.50049881531363
0 0.4101314066591844 0.2386207756578127 0.44754255518144404 0.2386207756578127 0.44754255518144404 0.3212370619778027 0.4101314066591844 0.3212370619778027
0 0.45221894874672647 0.6937897493453049 0.493137392442948 0.6937897493453049 0.493137392442948 0.7327596957226586 0.45221894874672647 0.7327596957226586
0 0.4533880471380471 0.643908217982292 0.4978137860082304 0.643908217982292 0.4978137860082304 0.7031425364758698 0.4533880471380471 0.7031425364758698
0 0.42416058735503176 0.6220850480109739 0.46507903105125326 0.6220850480109739 0.46507903105125326 0.6797605686494576 0.42416058735503176 0.6797605686494576
