0 0.34700009352787126 0.2152388078314004 0.3961022259633371 0.2152388078314004 0.3961022259633371 0.28694350916573136 0.34700009352787126 0.28694350916573136
0 0.2885451739618406 0.2339443820925302 0.3306327160493827 0.2339443820925302 0.3306327160493827 0.272914328469884 0.2885451739618406 0.272914328469884
0 0.2686705013093902 0.2666791370495074 0.29439066591844365 0.2666791370495074 0.29439066591844365 0.3150018705574261 0.2686705013093902 0.3150018705574261
0 0.23125935278713056 0.29785509415139044 0.2698395997007108 0.29785509415139044 0.2698395997007108 0.34306023194912083 0.23125935278713056 0.34306023194912083
0 0.22892115600448934 0.24641476493328343 0.26399410774410775 0.24641476493328343 0.26399410774410775 0.2962962962962963 0.22892115600448934 0.2962962962962963
0 0.4709245230078563 0.21368000997630626 0.5071665731387953 0.21368000997630626 0.5071665731387953 0.2775907220351665 0.4709245230078563 0.2775907220351665
0 0.5165193602693603 0.272914328469884 0.5890034605312382 0.272914328469884 0.5890034605312382 0.33994263623893256 0.5165193602693603 0.33994263623893256
0 0.5586069023569022 0.14353410649706944 0.6006944444444444 0.14353410649706944 0.6006944444444444 0.19497443571517645 0.5586069023569022 0.19497443571517645
0 0.520026655443322 0.4739992517770295 0.574974279835391 0.4739992517770295 0.574974279835391 0.5347923681257014 0.520026655443322 0.5347923681257014
0 0.46507903105125326 0.4552936775158997 0.5165193602693603 0.4552936775158997 0.5165193602693603 0.509851602444195 0.46507903105125326 0.509851602444195
0 0.4557262439206884 0.49894001745853594 0.520026655443322 0.49894001745853594 0.520026655443322 0.5628507295173961 0.4557262439206884 0.5628507295173961
0 0.3984404227459783 0.49426362389325346 0.44286616161616155 0.49426362389325346 0.44286616161616155 0.5784387080683377 0.3984404227459783 0.5784387080683377
0 0.23242845117845115 0.45841127322608805 0.27568509165731386 0.45841127322608805 0.27568509165731386 0.5269983788502307 0.23242845117845115 0.5269983788502307
0 0.49664468761690983 0.7249657064471879 0.5434086232697344 0.7249657064471879 0.5434086232697344 0.777964833520389 0.49664468761690983 0.777964833520389
0 0.6451201833146277 0.6174086544456915 0.6837004302282079 0.6174086544456915 0.6837004302282079 0.6719665793739867 0.6451201833146277 0.6719665793739867
0 0.5527614104002992 0.7202893128819055 0.601863542835765 0.7202893128819055 0.601863542835765 0.7826412270856714 0.5527614104002992 0.7826412270856714
0 0.4218223905723905 0.6423494201271979 0.4557262439206884 0.6423494201271979 0.4557262439206884 0.6828781643596459 0.4218223905723905 0.6828781643596459
0 0.3727202581369248 0.5971442823294675 0.4124696034418256 0.5971442823294675 0.4124696034418256 0.6813193665045517 0.3727202581369248 0.6813193665045517
0 0.36921296296296297 0.7093777278962464 0.4218223905723905 0.7093777278962464 0.4218223905723905 0.7717296421000125 0.36921296296296297 0.7717296421000125
0 0.35401468387579493 0.8527871305649083 0.4101314066591844 0.8527871305649083 0.4101314066591844 0.8933158747973562 0.35401468387579493 0.8933158747973562
0 0.19618640104751214 0.7280833021573762 0.23827394313505426 0.7280833021573762 0.23827394313505426 0.7795236313754832 0.19618640104751214 0.7795236313754832
0 0.544577721661055 0.6485846115475745 0.5808197717919941 0.6485846115475745 0.5808197717919941 0.6828781643596459 0.544577721661055 0.6828781643596459
0 0.5621141975308642 0.5877914951989025 0.6006944444444444 0.5877914951989025 0.6006944444444444 0.6267614415762564 0.5621141975308642 0.6267614415762564
0 0.5048283763561541 0.38358897618156873 0.5550996071829405 0.38358897618156873 0.5550996071829405 0.44126449682005237 0.5048283763561541 0.44126449682005237
