0 0.3844112420501309 0.12950492580122208 0.43818976805087917 0.12950492580122208 0.43818976805087917 0.17938645716423493 0.3844112420501309 0.17938645716423493
0 0.39493312757201643 0.4911460281830652 0.43702066965955855 0.4911460281830652 0.43702066965955855 0.5831151016336201 0.39493312757201643 0.5831151016336201
0 0.5211957538346427 0.47555804963212367 0.5597760007482229 0.47555804963212367 0.5597760007482229 0.5410275595460781 0.5211957538346427 0.5410275595460781
0 0.6392746913580247 0.6174086544456915 0.6755167414889637 0.6174086544456915 0.6755167414889637 0.6735253772290809 0.6392746913580247 0.6735253772290809
0 0.40311681631126073 0.6361142287068212 0.4498807519640853 0.6361142287068212 0.4498807519640853 0.7031425364758698 0.40311681631126073 0.7031425364758698
0 0.34583099513655063 0.6096146651702207 0.3867494388327722 0.6096146651702207 0.3867494388327722 0.6641725900985159 0.34583099513655063 0.6641725900985159
0 0.2452885334829779 0.46620526250155875 0.2698395997007108 0.46620526250155875 0.2698395997007108 0.5223219852849482 0.2452885334829779 0.5223219852849482
0 0.33881640478862696 0.2121212121212121 0.3867494388327722 0.2121212121212121 0.3867494388327722 0.2682379349046015 0.33881640478862696 0.2682379349046015
0 0.25931771417882526 0.1450929043521636 0.2897142723531612 0.1450929043521636 0.2897142723531612 0.1965332335702706 0.25931771417882526 0.1965332335702706
0 0.5492541152263374 0.27603192418007233 0.5878343621399177 0.27603192418007233 0.5878343621399177 0.3524130190796857 0.5492541152263374 0.3524130190796857
0 0.5223648522259633 0.6937897493453049 0.5434086232697344 0.6937897493453049 0.5434086232697344 0.7592592592592593 0.5223648522259633 0.7592592592592593
0 0.34933829031051256 0.8496695348547201 0.4019477179199401 0.8496695348547201 0.4019477179199401 0.9057862576381095 0.34933829031051256 0.9057862576381095
0 0.199693696221474 0.7234069085920938 0.2452885334829779 0.7234069085920938 0.2452885334829779 0.787317620650954 0.199693696221474 0.787317620650954
0 0.17631172839506173 0.6657313879536101 0.21138468013468012 0.6657313879536101 0.21138468013468012 0.7171717171717171 0.17631172839506173 0.7171717171717171
0 0.5317176393565283 0.11859334081556303 0.5726360830527497 0.11859334081556303 0.5726360830527497 0.16379847861329344 0.5317176393565283 0.16379847861329344
0 0.5539305087916199 0.15912208504801095 0.5913416573138796 0.15912208504801095 0.5913416573138796 0.19809203142536475 0.5539305087916199 0.19809203142536475
0 0.2277520576131687 0.24329716922309513 0.26399410774410775 0.24329716922309513 0.26399410774410775 0.28070831774535476 0.2277520576131687 0.28070831774535476
0 0.22892115600448934 0.3056490834268612 0.26282500935278713 0.3056490834268612 0.26282500935278713 0.34306023194912083 0.22892115600448934 0.34306023194912083
0 0.1915100074822297 0.2573263499189425 0.21372287691732134 0.2573263499189425 0.21372287691732134 0.29941389200648455 0.1915100074822297 0.29941389200648455
0 0.17163533482977927 0.2510911584985659 0.1915100074822297 0.2510911584985659 0.1915100074822297 0.29317870058610795 0.17163533482977927 0.29317870058610795
