0 0.44052796483352036 0.4178825289936401 0.4732627197904976 0.4178825289936401 0.4732627197904976 0.4802344431974061 0.44052796483352036 0.4802344431974061
0 0.5223648522259633 0.5067340067340067 0.5843270669659558 0.5067340067340067 0.5843270669659558 0.5566155380970196 0.5223648522259633 0.5566155380970196
0 0.5083356715301159 0.5566155380970196 0.5480850168350168 0.5566155380970196 0.5480850168350168 0.6174086544456915 0.5083356715301159 0.6174086544456915
0 0.5621141975308642 0.6033794737498441 0.6006944444444444 0.6033794737498441 0.6006944444444444 0.6610549943883277 0.5621141975308642 0.6610549943883277
0 0.6252455106621773 0.6953485472003991 0.6568111672278338 0.6953485472003991 0.6568111672278338 0.7343184935777528 0.6252455106621773 0.7343184935777528
0 0.5866652637485971 0.6937897493453049 0.6264146090534979 0.6937897493453049 0.6264146090534979 0.7343184935777528 0.5866652637485971 0.7343184935777528
0 0.632260101010101 0.572203516647961 0.6696712495323607 0.572203516647961 0.6696712495323607 0.6174086544456915 0.632260101010101 0.6174086544456915
0 0.2733468948746727 0.37111859334081554 0.3212799289188178 0.37111859334081554 0.3212799289188178 0.4178825289936401 0.2733468948746727 0.4178825289936401
0 0.29205246913580246 0.6158498565905973 0.34349279835390945 0.6158498565905973 0.34349279835390945 0.6719665793739867 0.29205246913580246 0.6719665793739867
0 0.2371048447437336 0.6750841750841751 0.27919238683127573 0.6750841750841751 0.27919238683127573 0.7327596957226586 0.2371048447437336 0.7327596957226586
0 0.21372287691732134 0.6361142287068212 0.24879582865693978 0.6361142287068212 0.24879582865693978 0.7140541214615288 0.21372287691732134 0.7140541214615288
0 0.21021558174335953 0.5862326973438083 0.24996492704826037 0.5862326973438083 0.24996492704826037 0.6361142287068212 0.21021558174335953 0.6361142287068212
0 0.5983562476618032 0.4287941139792991 0.6381055929667041 0.4287941139792991 0.6381055929667041 0.4911460281830652 0.5983562476618032 0.4911460281830652
0 0.6264146090534979 0.49270482603815935 0.6685021511410401 0.49270482603815935 0.6685021511410401 0.5550567402419254 0.6264146090534979 0.5550567402419254
0 0.4183150953984287 0.5831151016336201 0.4592335390946502 0.5831151016336201 0.4592335390946502 0.6470258136924804 0.4183150953984287 0.6470258136924804
0 0.6182309203142535 0.8013468013468014 0.6579802656191545 0.8013468013468014 0.6579802656191545 0.8325227584486843 0.6182309203142535 0.8325227584486843
0 0.5971871492704826 0.735877291432847 0.6182309203142535 0.735877291432847 0.6182309203142535 0.7857588227958598 0.5971871492704826 0.7857588227958598
0 0.6907150205761317 0.6080558673151265 0.7257879723157501 0.6080558673151265 0.7257879723157501 0.6719665793739867 0.6907150205761317 0.6719665793739867
0 0.2265829592218481 0.3664421997755331 0.25931771417882526 0.3664421997755331 0.25931771417882526 0.41008853971816933 0.2265829592218481 0.41008853971816933
0 0.27451599326599324 0.8574635241301907 0.31192714178825287 0.8574635241301907 0.31192714178825287 0.9104626512033919 0.27451599326599324 0.9104626512033919
