0 0.42416058735503176 0.14976929791744606 0.4592335390946502 0.14976929791744606 0.4592335390946502 0.19029804214989401 0.42416058735503176 0.19029804214989401
0 0.390256734006734 0.23706197780271854 0.42532968574635244 0.23706197780271854 0.42532968574635244 0.2791495198902606 0.390256734006734 0.2791495198902606
0 0.35401468387579493 0.7280833021573762 0.4019477179199401 0.7280833021573762 0.4019477179199401 0.8044643970569896 0.35401468387579493 0.8044643970569896
0 0.31894173213617655 0.745230078563412 0.3586910774410774 0.745230078563412 0.3586910774410774 0.8106995884773662 0.31894173213617655 0.8106995884773662
0 0.5317176393565283 0.7966704077815189 0.5808197717919941 0.7966704077815189 0.5808197717919941 0.8340815563037784 0.5317176393565283 0.8340815563037784
0 0.43935886644219974 0.6002618780396557 0.46858632622521507 0.6002618780396557 0.46858632622521507 0.6672901858087044 0.43935886644219974 0.6672901858087044
0 0.8087939580995137 0.5285571767053249 0.8426978114478113 0.5285571767053249 0.8426978114478113 0.5940266866192792 0.8087939580995137 0.5940266866192792
0 0.777228301533857 0.7327596957226586 0.8181467452300785 0.7327596957226586 0.8181467452300785 0.8169347798977428 0.777228301533857 0.8169347798977428
0 0.41714599700710814 0.3570894126449682 0.44403526000748217 0.3570894126449682 0.44403526000748217 0.4007357525876044 0.41714599700710814 0.4007357525876044
0 0.3306327160493827 0.3492954233694974 0.3727202581369248 0.3492954233694974 0.3727202581369248 0.4007357525876044 0.3306327160493827 0.4007357525876044
0 0.30841984661429106 0.2947374984412022 0.35167648709315374 0.2947374984412022 0.35167648709315374 0.3352662426736501 0.30841984661429106 0.3352662426736501
0 0.33180181444070334 0.3150018705574261 0.3668747661803218 0.3150018705574261 0.3668747661803218 0.3461778276593091 0.33180181444070334 0.3461778276593091
